SW_times =[
% datetime(2020,09,01,01,57,45); datetime(2020,09,01,02,20,37);... % 1 2
% datetime(2020,09,01,05,42,08); datetime(2020,09,01,06,08,20); ...% 3 4
% datetime(2020,09,02,03,39,05); datetime(2020,09,02,04,08,54); ...% 7 8 not the best SW
% datetime(2020,09,02,07,21,48); datetime(2020,09,02,07,36,24); ...% 11 12 ok SW
% datetime(2020,09,02,10,43,45); datetime(2020,09,02,11,10,05); ...% 13 14 ok SW
% datetime(2020,09,02,14,17,43); datetime(2020,09,02,14,42,13); ...% 15 16 % 14,34,15 - 14,42,13 is pristine SW
% datetime(2020,09,02,18,19,45); datetime(2020,09,02,18,40,26); ...% 17 18 % Not the best SW
% datetime(2020,09,02,21,03,59); datetime(2020,09,02,21,26,57); ...% 19 20 kind of turbulent
% datetime(2020,09,03,00,44,05); datetime(2020,09,03,01,15,00); ...% 21 22 kind og tubulent SW
% datetime(2020,09,03,01,24,52); datetime(2020,09,03,01,42,18); ...% 23 24 ok SW
% datetime(2020,09,03,04,08,41); datetime(2020,09,03,04,41,10); ...% 25 26 ok SW
% datetime(2020,09,03,08,38,09); datetime(2020,09,03,08,54,54); ...% 27 28 ok SW, 07:42:45 - 08:37:35 might be sheath or exosphere?
% datetime(2020,09,03,15,29,34); datetime(2020,09,03,15,43,34);... % 31 32 ok SW
% datetime(2020,09,03,15,50,09); datetime(2020,09,03,16,19,07); ...% 33 34 % really pristine SW
% datetime(2020,09,04,02,25,31); datetime(2020,09,04,03,02,51); ... %39 40 % kind of turbulent
% datetime(2020,09,04,06,18,07); datetime(2020,09,04,06,48,22); ...%41 42 Not the best SW
%datetime(2020,09,04,09,00,06); datetime(2020,09,04,09,51,16); ]%43 44 very pristine SW
% datetime(2020,09,04,09,57,23); datetime(2020,09,04,10,15,24); ...%45 46 ok SW
% datetime(2020,09,04,12,39,06); datetime(2020,09,04,13,33,41); ...%47 48 pristine SW more or less
% datetime(2020,09,04,23,18,33); datetime(2020,09,04,23,27,56); ...% 49 50 good SW
% datetime(2020,09,04,23,41,17); datetime(2020,09,05,00,30,04); ...% 51 52 very pristine SW
% datetime(2020,09,05,06,37,26); datetime(2020,09,05,06,52,45); ...% 53 54 very pristine SW
% datetime(2020,09,05,07,03,04); datetime(2020,09,05,07,24,20); ...% 55 56 good SW
% datetime(2020,09,05,10,22,08); datetime(2020,09,05,10,50,51); ...% 57 58 good sw
% datetime(2020,09,05,17,21,08); datetime(2020,09,05,18,00,04); ...% 59 60 ok sw, kind of turbulent
% datetime(2020,09,05,18,03,48); datetime(2020,09,05,18,18,05);...% 61 62 ok sw, kind of turbulent
% datetime(2020,09,06,04,22,30); datetime(2020,09,06,05,08,41); ...% 63 64 ok sw, some turbulent features
% datetime(2020,09,06,11,21,52); datetime(2020,09,06,11,36,09); ...% 65 66 ok SW
% datetime(2020,09,06,15,07,47); datetime(2020,09,06,15,25,48); ...% 67 68 ok SW, some turbulent features
% datetime(2020,09,06,15,29,40); datetime(2020,09,06,15,47,44); ...% 69 70 ok SW, some turbulent features
% datetime(2020,09,06,18,48,01); datetime(2020,09,06,19,29,36); ...% 71 72 ok SW
% datetime(2020,09,07,02,05,15); datetime(2020,09,07,02,24,37); ...% 73 74 ok SW
% datetime(2020,09,07,12,54,31); datetime(2020,09,07,13,40,00); ...% 75 76 ok SW< kind of turbulent 
% datetime(2020,09,07,20,06,34); datetime(2020,09,07,20,43,34); ...% 77 78 ok SW
% datetime(2020,09,07,23,27,07); datetime(2020,09,07,23,54,32); ...% 79 80 maybe good sw? it looks weird
% datetime(2020,09,08,06,35,55); datetime(2020,09,08,07,04,49);... %C 83 84 good SW
% datetime(2020,09,08,10,50,19); datetime(2020,09,08,11,18,47); ...%C 85 86 very pristine sw
% datetime(2020,09,08,21,47,15); datetime(2020,09,08,22,10,50); ...%C 87 88 good sw
% datetime(2020,09,10,09,39,31); datetime(2020,09,10,12,07,00); ...%C 89 90 ok sw
% datetime(2020,09,11,06,28,04); datetime(2020,09,11,06,54,05);...% C 91 92
% datetime(2020,09,11,07,15,19); datetime(2020,09,11,07,46,00);... %C 93 94
% datetime(2020,09,11,10,29,20); datetime(2020,09,11,11,15,37);... %C 95 96 ok SW
% datetime(2020,09,11,20,52,16); datetime(2020,09,11,21,26,54);... %C 97 98 ok SW
datetime(2020,09,13,16,21,01); datetime(2020,09,13,17,14,39); ]%C 99 100 ok, it might all be hydrogen waves tho
% datetime(2020,09,13,19,53,17); datetime(2020,09,13,20,45,33); ...%C 101 102 ok but definitly has some hydrogen wave activity
% datetime(2020,09,14,10,22,34); datetime(2020,09,14,11,09,21); ...%c 103 104 good SW
% datetime(2020,09,16,01,59,19); datetime(2020,09,16,02,49,33);... %C 105 106good SW minimal hydrogen waves
% datetime(2020,09,16,05,20,20); datetime(2020,09,16,05,42,18);...%C 107 108good SW minimal hydrogen waves
% datetime(2020,09,16,09,27,40); datetime(2020,09,16,10,02,45);... %C 109 110 good SW minimal hydrogen waves
% datetime(2020,09,17,10,39,04); datetime(2020,09,17,11,14,22); ...%C 111 112 great SW minimal hydrogen waves
% datetime(2020,09,18,08,04,44); datetime(2020,09,18,08,49,59); ...%C 113 114 great SW minimal hydrogen waves
% datetime(2020,09,19,05,48,56); datetime(2020,09,19,06,15,17); ... %C 115 116 good SW minimal hydrogen waves
% datetime(2020,09,19,12,52,36); datetime(2020,09,19,13,28,09); ... %C 117 118 good SW minimal hydrogen waves
% datetime(2020,09,19,16,35,19); datetime(2020,09,19,17,27,42); ... %C 119 120 good SW some hydrogen waves
% datetime(2020,09,19,20,19,41); datetime(2020,09,19,21,01,23);] %C 121 122 good SW minimal hydrogen waves
